CHROM	A	C	G	T	other
chr1	0.263072126909565	0.18866316886729	0.188631674462308	0.263464763845062	0.0961682659157748
chr2	0.292363549802408	0.197021334425891	0.197151174398793	0.292925833324414	0.020538108048494
chr3	0.296498447170858	0.195196054305565	0.195281463822053	0.296736511111393	0.0162875235901307
chr4	0.30306923398355	0.187732164568477	0.187758405153333	0.303169090499446	0.0182711057951955
chr5	0.296672342620517	0.193954799611708	0.194174808692202	0.297399661034674	0.0177983880408983
chr6	0.295441154810757	0.193690056527868	0.193807731729433	0.295321293945436	0.0217397629865054
chr7	0.289041997292638	0.199019329451071	0.198801337170968	0.289353046782855	0.0237842893024683
chr8	0.29219812639475	0.196113652848376	0.196104347282832	0.29184101677665	0.0237428566973925
chr9	0.249693515342744	0.175806308395694	0.175714581993267	0.249578823702683	0.149206770565613
chr10	0.2828112557734	0.201488168934273	0.201412727025639	0.283151854778613	0.0311359934880758
chr11	0.28374366760194	0.20174432173333	0.201975717972013	0.283819160254458	0.0287171324382595
chr12	0.288414527115959	0.198988553729478	0.198854487640986	0.288561600117802	0.0251808313957752
chr13	0.254727585975215	0.159874251147509	0.159892294059737	0.255496137627236	0.170009731190303
chr14	0.242133929963743	0.16792928968303	0.168346757703852	0.244039191970455	0.17755083067892
chr15	0.230377014680538	0.168217573794375	0.168030362837559	0.230153132028091	0.203221916659436
chr16	0.240430993154284	0.195120227930898	0.195916511442403	0.241588198464778	0.126944069007637
chr17	0.260605681049412	0.218337461039882	0.217997342454068	0.261185124097838	0.0418743913588006
chr18	0.287732733612742	0.190051332239579	0.190371348641796	0.288041568780703	0.0438030167251797
chr19	0.243376957794116	0.227946673799548	0.228502915397682	0.24402501561713	0.0561484373915242
chr20	0.262164485116505	0.207976514910151	0.208636311132379	0.265372296809292	0.0558503920316722
chr21	0.2165582118972	0.148768494092913	0.149069949144913	0.215017817927922	0.270585526937052
chr22	0.177270284286198	0.163260010814632	0.16312846306896	0.176486260501648	0.319854981328562
chrX	0.293996183178576	0.192009051812526	0.192347029597884	0.294791388657322	0.0268563467536924
chrY	0.129142066353232	0.0858828489432486	0.0867943151671234	0.130251263668414	0.567929505867982
chrM	0.308551083217669	0.313318447890894	0.131555126425683	0.246575342465753	0
